[gd_scene load_steps=6 format=2]

[ext_resource path="res://Scenes/Planet01.tscn" type="PackedScene" id=1]
[ext_resource path="res://Scenes/Player.tscn" type="PackedScene" id=2]
[ext_resource path="res://Scenes/Planet02.tscn" type="PackedScene" id=3]
[ext_resource path="res://Scenes/Planet03.tscn" type="PackedScene" id=4]
[ext_resource path="res://Scenes/ChangeDisc.tscn" type="PackedScene" id=5]

[node name="Main" type="Spatial"]

[node name="Player" parent="." instance=ExtResource( 2 )]
transform = Transform( 1, 0, 0, 0, 1, 0, 0, 0, 1, 0, 36.9187, 14.2199 )

[node name="PlanetHolder" type="Spatial" parent="."]

[node name="Planet01" parent="PlanetHolder" instance=ExtResource( 1 )]

[node name="Planet02" parent="PlanetHolder" instance=ExtResource( 3 )]
transform = Transform( 1, 0, 0, 0, 1, 0, 0, 0, 1, 140.365, 105.72, -129.555 )

[node name="Planet03" parent="PlanetHolder" instance=ExtResource( 4 )]
transform = Transform( 0.836516, -0.19506, -0.512047, -0.258819, 0.683013, -0.683013, 0.482963, 0.703879, 0.520866, -88.0042, 147.813, -165.623 )

[node name="ChangePlanetsHolder" type="Spatial" parent="."]

[node name="ChangeDisc" parent="ChangePlanetsHolder" instance=ExtResource( 5 )]
transform = Transform( 0.82599, 0.563685, 0, -0.563685, 0.82599, 0, 0, 0, 1, 14.0283, 20.6657, 0 )

[node name="ChangeDisc2" parent="ChangePlanetsHolder" instance=ExtResource( 5 )]
transform = Transform( 0.922086, -0.386985, 0, 0.386985, 0.922086, 0, 0, 0, 1, -8.68563, 23.5055, 0 )
planet_to_go_to = 3

[node name="ChangeDisc3" parent="ChangePlanetsHolder" instance=ExtResource( 5 )]
transform = Transform( -0.6683, -0.743892, 0, 0.743892, -0.6683, 0, 0, 0, 1, 114.42, 82.2088, -129.678 )
planet_to_go_to = 1

[node name="ChangeDisc4" parent="ChangePlanetsHolder" instance=ExtResource( 5 )]
transform = Transform( -0.207861, -0.978159, 0, 0.978159, -0.207861, 0, 0, 0, 1, 106.083, 98.6229, -129.678 )
planet_to_go_to = 3

[node name="ChangeDisc5" parent="ChangePlanetsHolder" instance=ExtResource( 5 )]
transform = Transform( -0.507678, 0.850893, 0.135069, -0.176528, -0.256183, 0.950373, 0.843268, 0.45864, 0.280265, -71.2022, 141.465, -156.981 )

[node name="ChangeDisc6" parent="ChangePlanetsHolder" instance=ExtResource( 5 )]
transform = Transform( -0.507678, 0.850893, 0.135069, -0.176528, -0.256183, 0.950373, 0.843268, 0.45864, 0.280265, -73.2036, 141.643, -153.468 )
planet_to_go_to = 1

[node name="HUD" type="Control" parent="."]
margin_right = 40.0
margin_bottom = 40.0
__meta__ = {
"_edit_use_anchors_": false
}

[node name="Target_P" type="Label" parent="HUD"]
margin_left = 13.5375
margin_top = 13.5375
margin_right = 53.5375
margin_bottom = 27.5375
__meta__ = {
"_edit_use_anchors_": false
}

[node name="Planet" type="Label" parent="HUD"]
margin_left = 13.5375
margin_top = 37.905
margin_right = 53.5375
margin_bottom = 51.905
__meta__ = {
"_edit_use_anchors_": false
}

[node name="DirectionalLight" type="DirectionalLight" parent="."]
transform = Transform( 0.915269, 0.265057, 0.303359, -0.376367, 0.831132, 0.40935, -0.14363, -0.48884, 0.860468, 0, 233.824, 279.513 )
